RobotJoint 0.001241,0.003039,0.000271,-0.002105,-0.000642,-0.004069
RobotJoint -0.001503,-0.002498,-0.000627,0.004632,0.000111,-0.003498
RobotJoint -0.001305,-0.002862,0.000786,0.005762,0.001651,-0.005034
RobotJoint -0.001545,-0.002505,0.000193,0.006662,0.000587,-0.005387
RobotJoint -0.001918,-0.002228,0.000080,0.002641,0.001954,-0.003124
RobotJoint -0.001544,-0.001991,0.000097,0.004571,0.000832,-0.003708
RobotJoint -0.001697,-0.001954,-0.000539,0.004213,0.002066,-0.004342
RobotJoint -0.001322,-0.002520,0.000786,0.004770,0.002437,-0.004366
RobotJoint -0.001563,-0.002323,-0.000199,0.005556,0.001099,-0.002739
RobotJoint -0.001320,-0.001965,-0.000574,0.001192,0.002043,-0.001453
RobotJoint -0.001737,-0.002009,0.000271,0.002550,0.001875,-0.000962
RobotJoint -0.001628,-0.002093,-0.000364,0.004251,0.002993,-0.002559
RobotJoint -0.001648,-0.001935,0.000874,0.004692,0.001697,-0.004297
RobotJoint -0.001449,-0.001539,0.000281,0.005823,0.001844,-0.001911
RobotJoint -0.001382,-0.001460,-0.000704,0.002032,0.001768,-0.001233
RobotJoint -0.001228,-0.001545,0.000447,0.005564,0.002487,-0.000574
RobotJoint -0.001513,-0.001669,-0.000538,0.005320,0.001409,-0.002360
RobotJoint -0.001666,-0.001433,0.000786,0.005190,0.002327,-0.003016
RobotJoint -0.001466,-0.000994,-0.000330,0.005175,0.000000,-0.003416
RobotJoint -0.001043,0.002076,0.000184,-0.002906,0.000228,-0.001673
RobotJoint -0.001064,-0.001816,-0.000104,0.005090,0.001006,-0.002280
RobotJoint -0.001217,-0.002261,0.001222,0.006906,0.002530,-0.003294
RobotJoint -0.001370,-0.002224,0.000847,0.007234,0.000894,-0.003334
RobotJoint -0.001610,-0.001987,0.000515,0.003213,0.002327,-0.001788
RobotJoint -0.001280,-0.001710,0.000882,0.005715,0.001247,-0.002450
RobotJoint -0.001608,-0.001634,-0.000103,0.005128,0.002133,-0.003144
RobotJoint -0.001235,-0.001998,0.001440,0.006487,0.003026,-0.002496
RobotJoint -0.001124,-0.001721,0.000019,0.005556,0.001961,-0.001809
RobotJoint -0.001233,-0.001645,-0.000051,0.002221,0.002450,-0.000704
RobotJoint -0.001342,-0.001567,0.000883,0.003351,0.002530,0.000401
RobotJoint -0.001539,-0.001571,-0.000278,0.006196,0.003001,-0.000594
RobotJoint -0.001209,-0.001535,0.001528,0.005952,0.002119,-0.002779
RobotJoint -0.001449,-0.001297,0.000717,0.006853,0.002384,-0.000470
RobotJoint -0.001163,-0.000941,-0.000051,0.002489,0.002266,0.000159
RobotJoint -0.001052,-0.001265,0.000970,0.006708,0.003233,0.000101
RobotJoint -0.001161,-0.001389,-0.000190,0.006121,0.001798,-0.000880
RobotJoint -0.001358,-0.001112,0.001223,0.006678,0.002433,-0.001271
RobotJoint -0.001203,-0.000914,0.000193,0.005862,0.000185,-0.002795
RobotJoint 92559631349317831000000000000000000000000000000000000000000000.000000,92559631349317831000000000000000000000000000000000000000000000.000000,92559631349317831000000000000000000000000000000000000000000000.000000,92559631349317831000000000000000000000000000000000000000000000.000000,92559631349317831000000000000000000000000000000000000000000000.000000,92559631349317831000000000000000000000000000000000000000000000.000000
RobotJoint 92559631349317831000000000000000000000000000000000000000000000.000000,92559631349317831000000000000000000000000000000000000000000000.000000,92559631349317831000000000000000000000000000000000000000000000.000000,92559631349317831000000000000000000000000000000000000000000000.000000,92559631349317831000000000000000000000000000000000000000000000.000000,92559631349317831000000000000000000000000000000000000000000000.000000
RobotJoint 92559631349317831000000000000000000000000000000000000000000000.000000,92559631349317831000000000000000000000000000000000000000000000.000000,92559631349317831000000000000000000000000000000000000000000000.000000,92559631349317831000000000000000000000000000000000000000000000.000000,92559631349317831000000000000000000000000000000000000000000000.000000,92559631349317831000000000000000000000000000000000000000000000.000000
RobotJoint 92559631349317831000000000000000000000000000000000000000000000.000000,92559631349317831000000000000000000000000000000000000000000000.000000,92559631349317831000000000000000000000000000000000000000000000.000000,92559631349317831000000000000000000000000000000000000000000000.000000,92559631349317831000000000000000000000000000000000000000000000.000000,92559631349317831000000000000000000000000000000000000000000000.000000
RobotJoint 92559631349317831000000000000000000000000000000000000000000000.000000,92559631349317831000000000000000000000000000000000000000000000.000000,92559631349317831000000000000000000000000000000000000000000000.000000,92559631349317831000000000000000000000000000000000000000000000.000000,92559631349317831000000000000000000000000000000000000000000000.000000,92559631349317831000000000000000000000000000000000000000000000.000000
