652.4200 0.0000 606.8900 0.7071 0.0000 -0.7071 0.0000
652.2621 5.0232 606.8900 0.7071 0.0000 -0.7071 0.0000
651.7892 10.0267 606.8900 0.7071 0.0000 -0.7071 0.0000
651.0030 14.9905 606.8900 0.7071 0.0000 -0.7071 0.0000
649.9067 19.8952 606.8900 0.7071 0.0000 -0.7071 0.0000
648.5045 24.7214 606.8900 0.7071 0.0000 -0.7071 0.0000
646.8021 29.4500 606.8900 0.7071 0.0000 -0.7071 0.0000
644.8062 34.0623 606.8900 0.7071 0.0000 -0.7071 0.0000
642.5245 38.5403 606.8900 0.7071 0.0000 -0.7071 0.0000
639.9662 42.8661 606.8900 0.7071 0.0000 -0.7071 0.0000
637.1414 47.0228 606.8900 0.7071 0.0000 -0.7071 0.0000
634.0611 50.9939 606.8900 0.7071 0.0000 -0.7071 0.0000
630.7375 54.7638 606.8900 0.7071 0.0000 -0.7071 0.0000
627.1838 58.3175 606.8900 0.7071 0.0000 -0.7071 0.0000
623.4139 61.6411 606.8900 0.7071 0.0000 -0.7071 0.0000
619.4428 64.7214 606.8900 0.7071 0.0000 -0.7071 0.0000
615.2861 67.5462 606.8900 0.7071 0.0000 -0.7071 0.0000
610.9603 70.1045 606.8900 0.7071 0.0000 -0.7071 0.0000
606.4823 72.3862 606.8900 0.7071 0.0000 -0.7071 0.0000
601.8700 74.3821 606.8900 0.7071 0.0000 -0.7071 0.0000
597.1414 76.0845 606.8900 0.7071 0.0000 -0.7071 0.0000
592.3152 77.4867 606.8900 0.7071 0.0000 -0.7071 0.0000
587.4105 78.5830 606.8900 0.7071 0.0000 -0.7071 0.0000
582.4467 79.3692 606.8900 0.7071 0.0000 -0.7071 0.0000
577.4432 79.8421 606.8900 0.7071 0.0000 -0.7071 0.0000
572.4200 80.0000 606.8900 0.7071 0.0000 -0.7071 0.0000
567.3968 79.8421 606.8900 0.7071 0.0000 -0.7071 0.0000
562.3933 79.3692 606.8900 0.7071 0.0000 -0.7071 0.0000
557.4295 78.5830 606.8900 0.7071 0.0000 -0.7071 0.0000
552.5248 77.4867 606.8900 0.7071 0.0000 -0.7071 0.0000
547.6986 76.0845 606.8900 0.7071 0.0000 -0.7071 0.0000
542.9700 74.3821 606.8900 0.7071 0.0000 -0.7071 0.0000
538.3577 72.3862 606.8900 0.7071 0.0000 -0.7071 0.0000
533.8797 70.1045 606.8900 0.7071 0.0000 -0.7071 0.0000
529.5539 67.5462 606.8900 0.7071 0.0000 -0.7071 0.0000
525.3972 64.7214 606.8900 0.7071 0.0000 -0.7071 0.0000
521.4261 61.6411 606.8900 0.7071 0.0000 -0.7071 0.0000
517.6562 58.3175 606.8900 0.7071 0.0000 -0.7071 0.0000
514.1025 54.7638 606.8900 0.7071 0.0000 -0.7071 0.0000
510.7789 50.9939 606.8900 0.7071 0.0000 -0.7071 0.0000
507.6986 47.0228 606.8900 0.7071 0.0000 -0.7071 0.0000
504.8738 42.8661 606.8900 0.7071 0.0000 -0.7071 0.0000
502.3155 38.5403 606.8900 0.7071 0.0000 -0.7071 0.0000
500.0338 34.0623 606.8900 0.7071 0.0000 -0.7071 0.0000
498.0379 29.4500 606.8900 0.7071 0.0000 -0.7071 0.0000
496.3355 24.7214 606.8900 0.7071 0.0000 -0.7071 0.0000
494.9333 19.8952 606.8900 0.7071 0.0000 -0.7071 0.0000
493.8370 14.9905 606.8900 0.7071 0.0000 -0.7071 0.0000
493.0508 10.0267 606.8900 0.7071 0.0000 -0.7071 0.0000
492.5779 5.0232 606.8900 0.7071 0.0000 -0.7071 0.0000
492.4200 0.0000 606.8900 0.7071 0.0000 -0.7071 0.0000
492.5779 -5.0232 606.8900 0.7071 0.0000 -0.7071 0.0000
493.0508 -10.0267 606.8900 0.7071 0.0000 -0.7071 0.0000
493.8370 -14.9905 606.8900 0.7071 0.0000 -0.7071 0.0000
494.9333 -19.8952 606.8900 0.7071 0.0000 -0.7071 0.0000
496.3355 -24.7214 606.8900 0.7071 0.0000 -0.7071 0.0000
498.0379 -29.4500 606.8900 0.7071 0.0000 -0.7071 0.0000
500.0338 -34.0623 606.8900 0.7071 0.0000 -0.7071 0.0000
502.3155 -38.5403 606.8900 0.7071 0.0000 -0.7071 0.0000
504.8738 -42.8661 606.8900 0.7071 0.0000 -0.7071 0.0000
507.6986 -47.0228 606.8900 0.7071 0.0000 -0.7071 0.0000
510.7789 -50.9939 606.8900 0.7071 0.0000 -0.7071 0.0000
514.1025 -54.7638 606.8900 0.7071 0.0000 -0.7071 0.0000
517.6562 -58.3175 606.8900 0.7071 0.0000 -0.7071 0.0000
521.4261 -61.6411 606.8900 0.7071 0.0000 -0.7071 0.0000
525.3972 -64.7214 606.8900 0.7071 0.0000 -0.7071 0.0000
529.5539 -67.5462 606.8900 0.7071 0.0000 -0.7071 0.0000
533.8797 -70.1045 606.8900 0.7071 0.0000 -0.7071 0.0000
538.3577 -72.3862 606.8900 0.7071 0.0000 -0.7071 0.0000
542.9700 -74.3821 606.8900 0.7071 0.0000 -0.7071 0.0000
547.6986 -76.0845 606.8900 0.7071 0.0000 -0.7071 0.0000
552.5248 -77.4867 606.8900 0.7071 0.0000 -0.7071 0.0000
557.4295 -78.5830 606.8900 0.7071 0.0000 -0.7071 0.0000
562.3933 -79.3692 606.8900 0.7071 0.0000 -0.7071 0.0000
567.3968 -79.8421 606.8900 0.7071 0.0000 -0.7071 0.0000
572.4200 -80.0000 606.8900 0.7071 0.0000 -0.7071 0.0000
577.4432 -79.8421 606.8900 0.7071 0.0000 -0.7071 0.0000
582.4467 -79.3692 606.8900 0.7071 0.0000 -0.7071 0.0000
587.4105 -78.5830 606.8900 0.7071 0.0000 -0.7071 0.0000
592.3152 -77.4867 606.8900 0.7071 0.0000 -0.7071 0.0000
597.1414 -76.0845 606.8900 0.7071 0.0000 -0.7071 0.0000
601.8700 -74.3821 606.8900 0.7071 0.0000 -0.7071 0.0000
606.4823 -72.3862 606.8900 0.7071 0.0000 -0.7071 0.0000
610.9603 -70.1045 606.8900 0.7071 0.0000 -0.7071 0.0000
615.2861 -67.5462 606.8900 0.7071 0.0000 -0.7071 0.0000
619.4428 -64.7214 606.8900 0.7071 0.0000 -0.7071 0.0000
623.4139 -61.6411 606.8900 0.7071 0.0000 -0.7071 0.0000
627.1838 -58.3175 606.8900 0.7071 0.0000 -0.7071 0.0000
630.7375 -54.7638 606.8900 0.7071 0.0000 -0.7071 0.0000
634.0611 -50.9939 606.8900 0.7071 0.0000 -0.7071 0.0000
637.1414 -47.0228 606.8900 0.7071 0.0000 -0.7071 0.0000
639.9662 -42.8661 606.8900 0.7071 0.0000 -0.7071 0.0000
642.5245 -38.5403 606.8900 0.7071 0.0000 -0.7071 0.0000
644.8062 -34.0623 606.8900 0.7071 0.0000 -0.7071 0.0000
646.8021 -29.4500 606.8900 0.7071 0.0000 -0.7071 0.0000
648.5045 -24.7214 606.8900 0.7071 0.0000 -0.7071 0.0000
649.9067 -19.8952 606.8900 0.7071 0.0000 -0.7071 0.0000
651.0030 -14.9905 606.8900 0.7071 0.0000 -0.7071 0.0000
651.7892 -10.0267 606.8900 0.7071 0.0000 -0.7071 0.0000
652.2621 -5.0232 606.8900 0.7071 0.0000 -0.7071 0.0000
652.4200 -0.0000 606.8900 0.7071 0.0000 -0.7071 0.0000
