571.5517 -10.2924 606.8900 0.7071 -0.0000 0.7071 0.0000
572.2893 -10.2767 606.8900 0.7071 -0.0000 0.7071 0.0000
572.9498 -10.2163 606.8900 0.7071 -0.0000 0.7071 0.0000
573.6051 -10.1121 606.8900 0.7071 -0.0000 0.7071 0.0000
574.2524 -9.9647 606.8900 0.7071 -0.0000 0.7071 0.0000
574.9604 -9.7502 606.8900 0.7071 -0.0000 0.7071 0.0000
575.6500 -9.4843 606.8900 0.7071 -0.0000 0.7071 0.0000
576.3152 -9.1694 606.8900 0.7071 -0.0000 0.7071 0.0000
576.9532 -8.8079 606.8900 0.7071 -0.0000 0.7071 0.0000
577.5422 -8.4155 606.8900 0.7071 -0.0000 0.7071 0.0000
578.1175 -7.9696 606.8900 0.7071 -0.0000 0.7071 0.0000
578.6575 -7.4843 606.8900 0.7071 -0.0000 0.7071 0.0000
579.1594 -6.9627 606.8900 0.7071 -0.0000 0.7071 0.0000
579.6209 -6.4078 606.8900 0.7071 -0.0000 0.7071 0.0000
580.0402 -5.8228 606.8900 0.7071 -0.0000 0.7071 0.0000
580.4153 -5.2108 606.8900 0.7071 -0.0000 0.7071 0.0000
580.7447 -4.5753 606.8900 0.7071 -0.0000 0.7071 0.0000
581.0271 -3.9195 606.8900 0.7071 -0.0000 0.7071 0.0000
581.2615 -3.2469 606.8900 0.7071 -0.0000 0.7071 0.0000
581.4471 -2.5611 606.8900 0.7071 -0.0000 0.7071 0.0000
581.5832 -1.8655 606.8900 0.7071 -0.0000 0.7071 0.0000
581.6696 -1.1637 606.8900 0.7071 -0.0000 0.7071 0.0000
581.7061 -0.4606 606.8900 0.7071 -0.0000 0.7071 0.0000
581.6931 0.2431 606.8900 0.7071 -0.0000 0.7071 0.0000
581.6308 0.9425 606.8900 0.7071 -0.0000 0.7071 0.0000
581.5199 1.6342 606.8900 0.7071 -0.0000 0.7071 0.0000
581.3613 2.3148 606.8900 0.7071 -0.0000 0.7071 0.0000
581.1561 2.9812 606.8900 0.7071 -0.0000 0.7071 0.0000
580.9056 3.6302 606.8900 0.7071 -0.0000 0.7071 0.0000
580.6113 4.2588 606.8900 0.7071 -0.0000 0.7071 0.0000
580.2749 4.8640 606.8900 0.7071 -0.0000 0.7071 0.0000
579.8984 5.4432 606.8900 0.7071 -0.0000 0.7071 0.0000
579.4839 5.9937 606.8900 0.7071 -0.0000 0.7071 0.0000
579.0337 6.5130 606.8900 0.7071 -0.0000 0.7071 0.0000
578.5501 6.9990 606.8900 0.7071 -0.0000 0.7071 0.0000
578.0952 7.4006 606.8900 0.7071 -0.0000 0.7071 0.0000
577.5548 7.8189 606.8900 0.7071 -0.0000 0.7071 0.0000
576.9896 8.1978 606.8900 0.7071 -0.0000 0.7071 0.0000
576.4014 8.5364 606.8900 0.7071 -0.0000 0.7071 0.0000
575.7933 8.8335 606.8900 0.7071 -0.0000 0.7071 0.0000
575.1683 9.0882 606.8900 0.7071 -0.0000 0.7071 0.0000
574.5297 9.2996 606.8900 0.7071 -0.0000 0.7071 0.0000
573.8804 9.4671 606.8900 0.7071 -0.0000 0.7071 0.0000
573.2237 9.5904 606.8900 0.7071 -0.0000 0.7071 0.0000
572.5625 9.6694 606.8900 0.7071 -0.0000 0.7071 0.0000
571.4676 9.7032 606.8900 0.7071 -0.0000 0.7071 0.0000
570.8013 9.6650 606.8900 0.7071 -0.0000 0.7071 0.0000
570.1386 9.5824 606.8900 0.7071 -0.0000 0.7071 0.0000
569.4828 9.4558 606.8900 0.7071 -0.0000 0.7071 0.0000
568.8366 9.2856 606.8900 0.7071 -0.0000 0.7071 0.0000
568.1331 9.0461 606.8900 0.7071 -0.0000 0.7071 0.0000
567.4500 8.7554 606.8900 0.7071 -0.0000 0.7071 0.0000
566.7929 8.4164 606.8900 0.7071 -0.0000 0.7071 0.0000
566.1651 8.0313 606.8900 0.7071 -0.0000 0.7071 0.0000
565.7967 7.7741 606.8900 0.7071 -0.0000 0.7071 0.0000
565.2266 7.3240 606.8900 0.7071 -0.0000 0.7071 0.0000
564.6884 6.8316 606.8900 0.7071 -0.0000 0.7071 0.0000
564.1891 6.3030 606.8900 0.7071 -0.0000 0.7071 0.0000
563.7310 5.7415 606.8900 0.7071 -0.0000 0.7071 0.0000
563.3160 5.1502 606.8900 0.7071 -0.0000 0.7071 0.0000
562.9459 4.5325 606.8900 0.7071 -0.0000 0.7071 0.0000
562.6222 3.8918 606.8900 0.7071 -0.0000 0.7071 0.0000
562.3461 3.2316 606.8900 0.7071 -0.0000 0.7071 0.0000
562.1185 2.5554 606.8900 0.7071 -0.0000 0.7071 0.0000
561.9402 1.8668 606.8900 0.7071 -0.0000 0.7071 0.0000
561.8116 1.1694 606.8900 0.7071 -0.0000 0.7071 0.0000
561.7329 0.4666 606.8900 0.7071 -0.0000 0.7071 0.0000
561.7046 -0.1862 606.8900 0.7071 -0.0000 0.7071 0.0000
561.7218 -0.8892 606.8900 0.7071 -0.0000 0.7071 0.0000
561.7881 -1.5873 606.8900 0.7071 -0.0000 0.7071 0.0000
561.9028 -2.2771 606.8900 0.7071 -0.0000 0.7071 0.0000
562.0650 -2.9553 606.8900 0.7071 -0.0000 0.7071 0.0000
562.2734 -3.6188 606.8900 0.7071 -0.0000 0.7071 0.0000
562.5266 -4.2644 606.8900 0.7071 -0.0000 0.7071 0.0000
562.8231 -4.8893 606.8900 0.7071 -0.0000 0.7071 0.0000
563.1611 -5.4905 606.8900 0.7071 -0.0000 0.7071 0.0000
563.5387 -6.0654 606.8900 0.7071 -0.0000 0.7071 0.0000
563.9537 -6.6116 606.8900 0.7071 -0.0000 0.7071 0.0000
564.4039 -7.1267 606.8900 0.7071 -0.0000 0.7071 0.0000
564.8868 -7.6085 606.8900 0.7071 -0.0000 0.7071 0.0000
565.3480 -8.0126 606.8900 0.7071 -0.0000 0.7071 0.0000
565.8870 -8.4264 606.8900 0.7071 -0.0000 0.7071 0.0000
566.4503 -8.8012 606.8900 0.7071 -0.0000 0.7071 0.0000
567.0359 -9.1361 606.8900 0.7071 -0.0000 0.7071 0.0000
567.6409 -9.4299 606.8900 0.7071 -0.0000 0.7071 0.0000
568.2623 -9.6817 606.8900 0.7071 -0.0000 0.7071 0.0000
568.8971 -9.8908 606.8900 0.7071 -0.0000 0.7071 0.0000
569.5423 -10.0565 606.8900 0.7071 -0.0000 0.7071 0.0000
570.1948 -10.1786 606.8900 0.7071 -0.0000 0.7071 0.0000
570.8516 -10.2569 606.8900 0.7071 -0.0000 0.7071 0.0000
571.5799 -10.7916 606.8900 0.7071 -0.0000 0.7071 0.0000
572.3514 -10.7729 606.8900 0.7071 -0.0000 0.7071 0.0000
573.0446 -10.7072 606.8900 0.7071 -0.0000 0.7071 0.0000
573.7332 -10.5954 606.8900 0.7071 -0.0000 0.7071 0.0000
574.4149 -10.4375 606.8900 0.7071 -0.0000 0.7071 0.0000
575.1575 -10.2098 606.8900 0.7071 -0.0000 0.7071 0.0000
575.8803 -9.9281 606.8900 0.7071 -0.0000 0.7071 0.0000
576.5773 -9.5953 606.8900 0.7071 -0.0000 0.7071 0.0000
577.2452 -9.2138 606.8900 0.7071 -0.0000 0.7071 0.0000
577.8627 -8.7993 606.8900 0.7071 -0.0000 0.7071 0.0000
578.4650 -8.3291 606.8900 0.7071 -0.0000 0.7071 0.0000
579.0301 -7.8177 606.8900 0.7071 -0.0000 0.7071 0.0000
579.5551 -7.2684 606.8900 0.7071 -0.0000 0.7071 0.0000
580.0376 -6.6843 606.8900 0.7071 -0.0000 0.7071 0.0000
580.4755 -6.0686 606.8900 0.7071 -0.0000 0.7071 0.0000
580.8671 -5.4249 606.8900 0.7071 -0.0000 0.7071 0.0000
581.2107 -4.7566 606.8900 0.7071 -0.0000 0.7071 0.0000
581.5048 -4.0672 606.8900 0.7071 -0.0000 0.7071 0.0000
581.7485 -3.3603 606.8900 0.7071 -0.0000 0.7071 0.0000
581.9409 -2.6397 606.8900 0.7071 -0.0000 0.7071 0.0000
582.0813 -1.9090 606.8900 0.7071 -0.0000 0.7071 0.0000
582.1695 -1.1721 606.8900 0.7071 -0.0000 0.7071 0.0000
582.2054 -0.4338 606.8900 0.7071 -0.0000 0.7071 0.0000
582.1893 0.3049 606.8900 0.7071 -0.0000 0.7071 0.0000
582.1214 1.0388 606.8900 0.7071 -0.0000 0.7071 0.0000
582.0026 1.7646 606.8900 0.7071 -0.0000 0.7071 0.0000
581.8338 2.4785 606.8900 0.7071 -0.0000 0.7071 0.0000
581.6160 3.1774 606.8900 0.7071 -0.0000 0.7071 0.0000
581.3508 3.8578 606.8900 0.7071 -0.0000 0.7071 0.0000
581.0396 4.5167 606.8900 0.7071 -0.0000 0.7071 0.0000
580.6845 5.1508 606.8900 0.7071 -0.0000 0.7071 0.0000
580.2873 5.7575 606.8900 0.7071 -0.0000 0.7071 0.0000
579.8503 6.3340 606.8900 0.7071 -0.0000 0.7071 0.0000
579.3765 6.8770 606.8900 0.7071 -0.0000 0.7071 0.0000
578.8687 7.3844 606.8900 0.7071 -0.0000 0.7071 0.0000
578.3875 7.8062 606.8900 0.7071 -0.0000 0.7071 0.0000
577.8188 8.2435 606.8900 0.7071 -0.0000 0.7071 0.0000
577.2242 8.6393 606.8900 0.7071 -0.0000 0.7071 0.0000
576.6056 8.9928 606.8900 0.7071 -0.0000 0.7071 0.0000
575.9663 9.3027 606.8900 0.7071 -0.0000 0.7071 0.0000
575.3094 9.5679 606.8900 0.7071 -0.0000 0.7071 0.0000
574.6383 9.7876 606.8900 0.7071 -0.0000 0.7071 0.0000
573.9563 9.9613 606.8900 0.7071 -0.0000 0.7071 0.0000
573.2611 10.0890 606.8900 0.7071 -0.0000 0.7071 0.0000
572.5559 10.1693 606.8900 0.7071 -0.0000 0.7071 0.0000
571.4223 10.2011 606.8900 0.7071 -0.0000 0.7071 0.0000
570.7229 10.1588 606.8900 0.7071 -0.0000 0.7071 0.0000
570.0275 10.0699 606.8900 0.7071 -0.0000 0.7071 0.0000
569.3385 9.9345 606.8900 0.7071 -0.0000 0.7071 0.0000
568.6580 9.7526 606.8900 0.7071 -0.0000 0.7071 0.0000
567.9204 9.4986 606.8900 0.7071 -0.0000 0.7071 0.0000
567.2045 9.1910 606.8900 0.7071 -0.0000 0.7071 0.0000
566.5190 8.8346 606.8900 0.7071 -0.0000 0.7071 0.0000
565.8669 8.4327 606.8900 0.7071 -0.0000 0.7071 0.0000
565.4728 8.1550 606.8900 0.7071 -0.0000 0.7071 0.0000
564.8758 7.6804 606.8900 0.7071 -0.0000 0.7071 0.0000
564.3127 7.1615 606.8900 0.7071 -0.0000 0.7071 0.0000
563.7905 6.6048 606.8900 0.7071 -0.0000 0.7071 0.0000
563.3116 6.0137 606.8900 0.7071 -0.0000 0.7071 0.0000
562.8781 5.3916 606.8900 0.7071 -0.0000 0.7071 0.0000
562.4919 4.7418 606.8900 0.7071 -0.0000 0.7071 0.0000
562.1543 4.0682 606.8900 0.7071 -0.0000 0.7071 0.0000
561.8668 3.3741 606.8900 0.7071 -0.0000 0.7071 0.0000
561.6303 2.6635 606.8900 0.7071 -0.0000 0.7071 0.0000
561.4456 1.9400 606.8900 0.7071 -0.0000 0.7071 0.0000
561.3131 1.2080 606.8900 0.7071 -0.0000 0.7071 0.0000
561.2329 0.4713 606.8900 0.7071 -0.0000 0.7071 0.0000
561.2055 -0.2160 606.8900 0.7071 -0.0000 0.7071 0.0000
561.2260 -0.9539 606.8900 0.7071 -0.0000 0.7071 0.0000
561.2981 -1.6865 606.8900 0.7071 -0.0000 0.7071 0.0000
561.4209 -2.4102 606.8900 0.7071 -0.0000 0.7071 0.0000
561.5934 -3.1216 606.8900 0.7071 -0.0000 0.7071 0.0000
561.8145 -3.8174 606.8900 0.7071 -0.0000 0.7071 0.0000
562.0826 -4.4943 606.8900 0.7071 -0.0000 0.7071 0.0000
562.3960 -5.1492 606.8900 0.7071 -0.0000 0.7071 0.0000
562.7529 -5.7791 606.8900 0.7071 -0.0000 0.7071 0.0000
563.1512 -6.3814 606.8900 0.7071 -0.0000 0.7071 0.0000
563.5887 -6.9533 606.8900 0.7071 -0.0000 0.7071 0.0000
564.0624 -7.4919 606.8900 0.7071 -0.0000 0.7071 0.0000
564.5697 -7.9950 606.8900 0.7071 -0.0000 0.7071 0.0000
565.0571 -8.4192 606.8900 0.7071 -0.0000 0.7071 0.0000
565.6242 -8.8518 606.8900 0.7071 -0.0000 0.7071 0.0000
566.2168 -9.2433 606.8900 0.7071 -0.0000 0.7071 0.0000
566.8326 -9.5929 606.8900 0.7071 -0.0000 0.7071 0.0000
567.4687 -9.8993 606.8900 0.7071 -0.0000 0.7071 0.0000
568.1218 -10.1616 606.8900 0.7071 -0.0000 0.7071 0.0000
568.7889 -10.3789 606.8900 0.7071 -0.0000 0.7071 0.0000
569.4666 -10.5508 606.8900 0.7071 -0.0000 0.7071 0.0000
570.1525 -10.6768 606.8900 0.7071 -0.0000 0.7071 0.0000
570.8442 -10.7569 606.8900 0.7071 -0.0000 0.7071 0.0000
579.4031 -8.1504 606.8900 0.7071 -0.0000 0.7071 0.0000
574.6773 -10.8788 606.8900 0.7071 -0.0000 0.7071 0.0000
573.3061 -11.1705 606.8900 0.7071 -0.0000 0.7071 0.0000
580.3221 -7.1198 606.8900 0.7071 -0.0000 0.7071 0.0000
580.9426 -6.2616 606.8900 0.7071 -0.0000 0.7071 0.0000
572.2626 -11.2730 606.8900 0.7071 -0.0000 0.7071 0.0000
571.3830 -11.2808 606.8900 0.7071 -0.0000 0.7071 0.0000
581.3874 -5.5048 606.8900 0.7071 -0.0000 0.7071 0.0000
581.7252 -4.8097 606.8900 0.7071 -0.0000 0.7071 0.0000
570.6041 -11.2305 606.8900 0.7071 -0.0000 0.7071 0.0000
569.9001 -11.1369 606.8900 0.7071 -0.0000 0.7071 0.0000
581.9970 -4.1528 606.8900 0.7071 -0.0000 0.7071 0.0000
582.2098 -3.5299 606.8900 0.7071 -0.0000 0.7071 0.0000
569.2533 -11.0104 606.8900 0.7071 -0.0000 0.7071 0.0000
568.6535 -10.8567 606.8900 0.7071 -0.0000 0.7071 0.0000
582.3672 -2.9391 606.8900 0.7071 -0.0000 0.7071 0.0000
582.4940 -2.3658 606.8900 0.7071 -0.0000 0.7071 0.0000
568.0967 -10.6781 606.8900 0.7071 -0.0000 0.7071 0.0000
567.5748 -10.4795 606.8900 0.7071 -0.0000 0.7071 0.0000
582.5513 -1.8328 606.8900 0.7071 -0.0000 0.7071 0.0000
582.6085 -1.2997 606.8900 0.7071 -0.0000 0.7071 0.0000
567.0800 -10.2651 606.8900 0.7071 -0.0000 0.7071 0.0000
566.6091 -10.0370 606.8900 0.7071 -0.0000 0.7071 0.0000
582.6658 -0.7667 606.8900 0.7071 -0.0000 0.7071 0.0000
582.6900 -0.2527 606.8900 0.7071 -0.0000 0.7071 0.0000
566.1699 -9.7905 606.8900 0.7071 -0.0000 0.7071 0.0000
565.7507 -9.5326 606.8900 0.7071 -0.0000 0.7071 0.0000
582.6447 0.2212 606.8900 0.7071 -0.0000 0.7071 0.0000
582.5995 0.6951 606.8900 0.7071 -0.0000 0.7071 0.0000
565.3481 -9.2650 606.8900 0.7071 -0.0000 0.7071 0.0000
564.9723 -8.9820 606.8900 0.7071 -0.0000 0.7071 0.0000
582.5542 1.1689 606.8900 0.7071 -0.0000 0.7071 0.0000
582.5090 1.6428 606.8900 0.7071 -0.0000 0.7071 0.0000
564.6104 -8.6909 606.8900 0.7071 -0.0000 0.7071 0.0000
564.2656 -8.3900 606.8900 0.7071 -0.0000 0.7071 0.0000
582.4340 2.0995 606.8900 0.7071 -0.0000 0.7071 0.0000
582.3243 2.5362 606.8900 0.7071 -0.0000 0.7071 0.0000
563.9431 -8.0762 606.8900 0.7071 -0.0000 0.7071 0.0000
563.6333 -7.7551 606.8900 0.7071 -0.0000 0.7071 0.0000
582.2025 2.9658 606.8900 0.7071 -0.0000 0.7071 0.0000
582.0660 3.3870 606.8900 0.7071 -0.0000 0.7071 0.0000
563.3391 -7.4249 606.8900 0.7071 -0.0000 0.7071 0.0000
563.0621 -7.0849 606.8900 0.7071 -0.0000 0.7071 0.0000
581.9094 3.7966 606.8900 0.7071 -0.0000 0.7071 0.0000
581.7385 4.1980 606.8900 0.7071 -0.0000 0.7071 0.0000
562.7997 -6.7364 606.8900 0.7071 -0.0000 0.7071 0.0000
562.5521 -6.3793 606.8900 0.7071 -0.0000 0.7071 0.0000
581.5524 4.5905 606.8900 0.7071 -0.0000 0.7071 0.0000
581.3542 4.9761 606.8900 0.7071 -0.0000 0.7071 0.0000
562.3196 -6.0135 606.8900 0.7071 -0.0000 0.7071 0.0000
562.1006 -5.6399 606.8900 0.7071 -0.0000 0.7071 0.0000
581.1396 5.3522 606.8900 0.7071 -0.0000 0.7071 0.0000
580.9086 5.7188 606.8900 0.7071 -0.0000 0.7071 0.0000
561.8990 -5.2563 606.8900 0.7071 -0.0000 0.7071 0.0000
561.7112 -4.8648 606.8900 0.7071 -0.0000 0.7071 0.0000
580.6654 6.0784 606.8900 0.7071 -0.0000 0.7071 0.0000
580.4045 6.4278 606.8900 0.7071 -0.0000 0.7071 0.0000
561.5356 -4.4662 606.8900 0.7071 -0.0000 0.7071 0.0000
561.3732 -4.0599 606.8900 0.7071 -0.0000 0.7071 0.0000
580.1300 6.7693 606.8900 0.7071 -0.0000 0.7071 0.0000
579.8406 7.1022 606.8900 0.7071 -0.0000 0.7071 0.0000
561.2356 -3.6394 606.8900 0.7071 -0.0000 0.7071 0.0000
561.1091 -3.2124 606.8900 0.7071 -0.0000 0.7071 0.0000
579.5339 7.4251 606.8900 0.7071 -0.0000 0.7071 0.0000
579.2155 7.7413 606.8900 0.7071 -0.0000 0.7071 0.0000
561.0014 -2.7746 606.8900 0.7071 -0.0000 0.7071 0.0000
560.9122 -2.3261 606.8900 0.7071 -0.0000 0.7071 0.0000
578.8729 8.0435 606.8900 0.7071 -0.0000 0.7071 0.0000
578.5157 8.3373 606.8900 0.7071 -0.0000 0.7071 0.0000
560.8654 -1.8531 606.8900 0.7071 -0.0000 0.7071 0.0000
560.8186 -1.3802 606.8900 0.7071 -0.0000 0.7071 0.0000
578.1429 8.6221 606.8900 0.7071 -0.0000 0.7071 0.0000
577.7443 8.8919 606.8900 0.7071 -0.0000 0.7071 0.0000
560.7717 -0.9072 606.8900 0.7071 -0.0000 0.7071 0.0000
560.7249 -0.4342 606.8900 0.7071 -0.0000 0.7071 0.0000
577.3310 9.1533 606.8900 0.7071 -0.0000 0.7071 0.0000
576.8928 9.4003 606.8900 0.7071 -0.0000 0.7071 0.0000
560.7398 0.0744 606.8900 0.7071 -0.0000 0.7071 0.0000
560.7949 0.6062 606.8900 0.7071 -0.0000 0.7071 0.0000
576.4288 9.6324 606.8900 0.7071 -0.0000 0.7071 0.0000
575.9413 9.8510 606.8900 0.7071 -0.0000 0.7071 0.0000
560.8500 1.1380 606.8900 0.7071 -0.0000 0.7071 0.0000
560.9052 1.6698 606.8900 0.7071 -0.0000 0.7071 0.0000
575.4282 10.0547 606.8900 0.7071 -0.0000 0.7071 0.0000
574.8735 10.2345 606.8900 0.7071 -0.0000 0.7071 0.0000
561.0128 2.2320 606.8900 0.7071 -0.0000 0.7071 0.0000
561.1566 2.8150 606.8900 0.7071 -0.0000 0.7071 0.0000
574.2814 10.3926 606.8900 0.7071 -0.0000 0.7071 0.0000
573.6448 10.5251 606.8900 0.7071 -0.0000 0.7071 0.0000
561.3599 3.4324 606.8900 0.7071 -0.0000 0.7071 0.0000
561.6249 4.0854 606.8900 0.7071 -0.0000 0.7071 0.0000
572.9522 10.6252 606.8900 0.7071 -0.0000 0.7071 0.0000
572.1787 10.6786 606.8900 0.7071 -0.0000 0.7071 0.0000
561.9491 4.7726 606.8900 0.7071 -0.0000 0.7071 0.0000
562.3751 5.5185 606.8900 0.7071 -0.0000 0.7071 0.0000
571.3381 10.6933 606.8900 0.7071 -0.0000 0.7071 0.0000
570.3302 10.6114 606.8900 0.7071 -0.0000 0.7071 0.0000
562.9394 6.3443 606.8900 0.7071 -0.0000 0.7071 0.0000
563.7943 7.3379 606.8900 0.7071 -0.0000 0.7071 0.0000
569.0559 10.3757 606.8900 0.7071 -0.0000 0.7071 0.0000
571.7369 -10.2874 604.6969 0.7230 0.0054 0.6907 -0.0085
572.3994 -10.2685 604.6969 0.7230 0.0054 0.6907 -0.0085
573.0596 -10.2056 604.6969 0.7230 0.0054 0.6907 -0.0085
573.7145 -10.0992 604.6969 0.7230 0.0054 0.6907 -0.0085
574.4342 -9.9296 604.6969 0.7230 0.0054 0.6907 -0.0085
575.1389 -9.7075 604.6969 0.7230 0.0054 0.6907 -0.0085
575.8226 -9.4352 604.6969 0.7230 0.0054 0.6907 -0.0085
576.4820 -9.1146 604.6969 0.7230 0.0054 0.6907 -0.0085
577.0945 -8.7601 604.6969 0.7230 0.0054 0.6907 -0.0085
577.6966 -8.3513 604.6969 0.7230 0.0054 0.6907 -0.0085
578.2661 -7.9010 604.6969 0.7230 0.0054 0.6907 -0.0085
578.7997 -7.4121 604.6969 0.7230 0.0054 0.6907 -0.0085
579.2953 -6.8875 604.6969 0.7230 0.0054 0.6907 -0.0085
579.7505 -6.3301 604.6969 0.7230 0.0054 0.6907 -0.0085
580.1633 -5.7430 604.6969 0.7230 0.0054 0.6907 -0.0085
580.5320 -5.1295 604.6969 0.7230 0.0054 0.6907 -0.0085
580.8552 -4.4928 604.6969 0.7230 0.0054 0.6907 -0.0085
581.1314 -3.8364 604.6969 0.7230 0.0054 0.6907 -0.0085
581.3597 -3.1637 604.6969 0.7230 0.0054 0.6907 -0.0085
581.5393 -2.4781 604.6969 0.7230 0.0054 0.6907 -0.0085
581.6697 -1.7832 604.6969 0.7230 0.0054 0.6907 -0.0085
581.7503 -1.0838 604.6969 0.7230 0.0054 0.6907 -0.0085
581.7816 -0.3807 604.6969 0.7230 0.0054 0.6907 -0.0085
581.7634 0.3211 604.6969 0.7230 0.0054 0.6907 -0.0085
581.6962 1.0184 604.6969 0.7230 0.0054 0.6907 -0.0085
581.5807 1.7077 604.6969 0.7230 0.0054 0.6907 -0.0085
581.4178 2.3857 604.6969 0.7230 0.0054 0.6907 -0.0085
581.2085 3.0491 604.6969 0.7230 0.0054 0.6907 -0.0085
580.9543 3.6949 604.6969 0.7230 0.0054 0.6907 -0.0085
580.6566 4.3201 604.6969 0.7230 0.0054 0.6907 -0.0085
580.3172 4.9217 604.6969 0.7230 0.0054 0.6907 -0.0085
579.9381 5.4972 604.6969 0.7230 0.0054 0.6907 -0.0085
579.5213 6.0438 604.6969 0.7230 0.0054 0.6907 -0.0085
579.0691 6.5593 604.6969 0.7230 0.0054 0.6907 -0.0085
578.6403 6.9886 604.6969 0.7230 0.0054 0.6907 -0.0085
578.1272 7.4401 604.6969 0.7230 0.0054 0.6907 -0.0085
577.5868 7.8537 604.6969 0.7230 0.0054 0.6907 -0.0085
577.0212 8.2286 604.6969 0.7230 0.0054 0.6907 -0.0085
576.4332 8.5633 604.6969 0.7230 0.0054 0.6907 -0.0085
575.8257 8.8567 604.6969 0.7230 0.0054 0.6907 -0.0085
575.2019 9.1078 604.6969 0.7230 0.0054 0.6907 -0.0085
574.5646 9.3157 604.6969 0.7230 0.0054 0.6907 -0.0085
573.9171 9.4800 604.6969 0.7230 0.0054 0.6907 -0.0085
573.2625 9.6004 604.6969 0.7230 0.0054 0.6907 -0.0085
572.1721 9.7029 604.6969 0.7230 0.0054 0.6907 -0.0085
571.5050 9.7066 604.6969 0.7230 0.0054 0.6907 -0.0085
570.8387 9.6657 604.6969 0.7230 0.0054 0.6907 -0.0085
570.1763 9.5805 604.6969 0.7230 0.0054 0.6907 -0.0085
569.5209 9.4512 604.6969 0.7230 0.0054 0.6907 -0.0085
568.8039 9.2563 604.6969 0.7230 0.0054 0.6907 -0.0085
568.1041 9.0090 604.6969 0.7230 0.0054 0.6907 -0.0085
567.4273 8.7118 604.6969 0.7230 0.0054 0.6907 -0.0085
566.7767 8.3668 604.6969 0.7230 0.0054 0.6907 -0.0085
566.3930 8.1333 604.6969 0.7230 0.0054 0.6907 -0.0085
565.7959 7.7198 604.6969 0.7230 0.0054 0.6907 -0.0085
565.2280 7.2620 604.6969 0.7230 0.0054 0.6907 -0.0085
564.6966 6.7657 604.6969 0.7230 0.0054 0.6907 -0.0085
564.2043 6.2340 604.6969 0.7230 0.0054 0.6907 -0.0085
563.7532 5.6698 604.6969 0.7230 0.0054 0.6907 -0.0085
563.3453 5.0765 604.6969 0.7230 0.0054 0.6907 -0.0085
562.9821 4.4573 604.6969 0.7230 0.0054 0.6907 -0.0085
562.6652 3.8157 604.6969 0.7230 0.0054 0.6907 -0.0085
562.3958 3.1551 604.6969 0.7230 0.0054 0.6907 -0.0085
562.1747 2.4790 604.6969 0.7230 0.0054 0.6907 -0.0085
562.0027 1.7909 604.6969 0.7230 0.0054 0.6907 -0.0085
561.8802 1.0945 604.6969 0.7230 0.0054 0.6907 -0.0085
561.8110 0.4448 604.6969 0.7230 0.0054 0.6907 -0.0085
561.7841 -0.2579 604.6969 0.7230 0.0054 0.6907 -0.0085
561.8066 -0.9587 604.6969 0.7230 0.0054 0.6907 -0.0085
561.8778 -1.6543 604.6969 0.7230 0.0054 0.6907 -0.0085
561.9971 -2.3413 604.6969 0.7230 0.0054 0.6907 -0.0085
562.1634 -3.0164 604.6969 0.7230 0.0054 0.6907 -0.0085
562.3756 -3.6765 604.6969 0.7230 0.0054 0.6907 -0.0085
562.6322 -4.3186 604.6969 0.7230 0.0054 0.6907 -0.0085
562.9317 -4.9397 604.6969 0.7230 0.0054 0.6907 -0.0085
563.2723 -5.5370 604.6969 0.7230 0.0054 0.6907 -0.0085
563.6521 -6.1080 604.6969 0.7230 0.0054 0.6907 -0.0085
564.0689 -6.6502 604.6969 0.7230 0.0054 0.6907 -0.0085
564.5204 -7.1612 604.6969 0.7230 0.0054 0.6907 -0.0085
564.9551 -7.5932 604.6969 0.7230 0.0054 0.6907 -0.0085
565.4668 -8.0399 604.6969 0.7230 0.0054 0.6907 -0.0085
566.0052 -8.4491 604.6969 0.7230 0.0054 0.6907 -0.0085
566.5683 -8.8199 604.6969 0.7230 0.0054 0.6907 -0.0085
567.1533 -9.1510 604.6969 0.7230 0.0054 0.6907 -0.0085
567.7574 -9.4412 604.6969 0.7230 0.0054 0.6907 -0.0085
568.3774 -9.6896 604.6969 0.7230 0.0054 0.6907 -0.0085
569.0106 -9.8954 604.6969 0.7230 0.0054 0.6907 -0.0085
569.6538 -10.0581 604.6969 0.7230 0.0054 0.6907 -0.0085
570.3040 -10.1775 604.6969 0.7230 0.0054 0.6907 -0.0085
571.0001 -10.2568 604.6969 0.7230 0.0054 0.6907 -0.0085
571.7677 -10.7864 604.6969 0.7230 0.0054 0.6907 -0.0085
572.4632 -10.7644 604.6969 0.7230 0.0054 0.6907 -0.0085
573.1571 -10.6960 604.6969 0.7230 0.0054 0.6907 -0.0085
573.8471 -10.5813 604.6969 0.7230 0.0054 0.6907 -0.0085
574.6020 -10.4006 604.6969 0.7230 0.0054 0.6907 -0.0085
575.3408 -10.1649 604.6969 0.7230 0.0054 0.6907 -0.0085
576.0573 -9.8767 604.6969 0.7230 0.0054 0.6907 -0.0085
576.7478 -9.5381 604.6969 0.7230 0.0054 0.6907 -0.0085
577.3902 -9.1633 604.6969 0.7230 0.0054 0.6907 -0.0085
578.0208 -8.7320 604.6969 0.7230 0.0054 0.6907 -0.0085
578.6169 -8.2573 604.6969 0.7230 0.0054 0.6907 -0.0085
579.1754 -7.7421 604.6969 0.7230 0.0054 0.6907 -0.0085
579.6937 -7.1896 604.6969 0.7230 0.0054 0.6907 -0.0085
580.1695 -6.6028 604.6969 0.7230 0.0054 0.6907 -0.0085
580.6008 -5.9851 604.6969 0.7230 0.0054 0.6907 -0.0085
580.9857 -5.3397 604.6969 0.7230 0.0054 0.6907 -0.0085
581.3226 -4.6703 604.6969 0.7230 0.0054 0.6907 -0.0085
581.6103 -3.9802 604.6969 0.7230 0.0054 0.6907 -0.0085
581.8476 -3.2732 604.6969 0.7230 0.0054 0.6907 -0.0085
582.0337 -2.5529 604.6969 0.7230 0.0054 0.6907 -0.0085
582.1681 -1.8230 604.6969 0.7230 0.0054 0.6907 -0.0085
582.2503 -1.0884 604.6969 0.7230 0.0054 0.6907 -0.0085
582.2807 -0.3503 604.6969 0.7230 0.0054 0.6907 -0.0085
582.2591 0.3865 604.6969 0.7230 0.0054 0.6907 -0.0085
582.1862 1.1182 604.6969 0.7230 0.0054 0.6907 -0.0085
582.0625 1.8414 604.6969 0.7230 0.0054 0.6907 -0.0085
581.8891 2.5525 604.6969 0.7230 0.0054 0.6907 -0.0085
581.6671 3.2483 604.6969 0.7230 0.0054 0.6907 -0.0085
581.3980 3.9253 604.6969 0.7230 0.0054 0.6907 -0.0085
581.0834 4.5806 604.6969 0.7230 0.0054 0.6907 -0.0085
580.7251 5.2110 604.6969 0.7230 0.0054 0.6907 -0.0085
580.3251 5.8138 604.6969 0.7230 0.0054 0.6907 -0.0085
579.8863 6.3855 604.6969 0.7230 0.0054 0.6907 -0.0085
579.4113 6.9238 604.6969 0.7230 0.0054 0.6907 -0.0085
578.9576 7.3751 604.6969 0.7230 0.0054 0.6907 -0.0085
578.4174 7.8472 604.6969 0.7230 0.0054 0.6907 -0.0085
577.8488 8.2796 604.6969 0.7230 0.0054 0.6907 -0.0085
577.2538 8.6712 604.6969 0.7230 0.0054 0.6907 -0.0085
576.6354 9.0206 604.6969 0.7230 0.0054 0.6907 -0.0085
575.9967 9.3266 604.6969 0.7230 0.0054 0.6907 -0.0085
575.3410 9.5881 604.6969 0.7230 0.0054 0.6907 -0.0085
574.6714 9.8042 604.6969 0.7230 0.0054 0.6907 -0.0085
573.9858 9.9753 604.6969 0.7230 0.0054 0.6907 -0.0085
573.2873 10.0998 604.6969 0.7230 0.0054 0.6907 -0.0085
572.1582 10.2027 604.6969 0.7230 0.0054 0.6907 -0.0085
571.4577 10.2043 604.6969 0.7230 0.0054 0.6907 -0.0085
570.7583 10.1592 604.6969 0.7230 0.0054 0.6907 -0.0085
570.0623 10.0673 604.6969 0.7230 0.0054 0.6907 -0.0085
569.3720 9.9285 604.6969 0.7230 0.0054 0.6907 -0.0085
568.6200 9.7213 604.6969 0.7230 0.0054 0.6907 -0.0085
567.8864 9.4591 604.6969 0.7230 0.0054 0.6907 -0.0085
567.1800 9.1464 604.6969 0.7230 0.0054 0.6907 -0.0085
566.5042 8.7861 604.6969 0.7230 0.0054 0.6907 -0.0085
566.0936 8.5337 604.6969 0.7230 0.0054 0.6907 -0.0085
565.4681 8.0974 604.6969 0.7230 0.0054 0.6907 -0.0085
564.8737 7.6148 604.6969 0.7230 0.0054 0.6907 -0.0085
564.3177 7.0919 604.6969 0.7230 0.0054 0.6907 -0.0085
563.8028 6.5319 604.6969 0.7230 0.0054 0.6907 -0.0085
563.3313 5.9381 604.6969 0.7230 0.0054 0.6907 -0.0085
562.9052 5.3138 604.6969 0.7230 0.0054 0.6907 -0.0085
562.5262 4.6626 604.6969 0.7230 0.0054 0.6907 -0.0085
562.1958 3.9879 604.6969 0.7230 0.0054 0.6907 -0.0085
561.9153 3.2935 604.6969 0.7230 0.0054 0.6907 -0.0085
561.6856 2.5830 604.6969 0.7230 0.0054 0.6907 -0.0085
561.5076 1.8608 604.6969 0.7230 0.0054 0.6907 -0.0085
561.3815 1.1305 604.6969 0.7230 0.0054 0.6907 -0.0085
561.3110 0.4463 604.6969 0.7230 0.0054 0.6907 -0.0085
561.2852 -0.2913 604.6969 0.7230 0.0054 0.6907 -0.0085
561.3112 -1.0270 604.6969 0.7230 0.0054 0.6907 -0.0085
561.3884 -1.7569 604.6969 0.7230 0.0054 0.6907 -0.0085
561.5160 -2.4777 604.6969 0.7230 0.0054 0.6907 -0.0085
561.6930 -3.1858 604.6969 0.7230 0.0054 0.6907 -0.0085
561.9180 -3.8780 604.6969 0.7230 0.0054 0.6907 -0.0085
562.1896 -4.5512 604.6969 0.7230 0.0054 0.6907 -0.0085
562.5061 -5.2021 604.6969 0.7230 0.0054 0.6907 -0.0085
562.8657 -5.8280 604.6969 0.7230 0.0054 0.6907 -0.0085
563.2663 -6.4261 604.6969 0.7230 0.0054 0.6907 -0.0085
563.7051 -6.9932 604.6969 0.7230 0.0054 0.6907 -0.0085
564.1796 -7.5270 604.6969 0.7230 0.0054 0.6907 -0.0085
564.6393 -7.9808 604.6969 0.7230 0.0054 0.6907 -0.0085
565.1779 -8.4479 604.6969 0.7230 0.0054 0.6907 -0.0085
565.7444 -8.8757 604.6969 0.7230 0.0054 0.6907 -0.0085
566.3368 -9.2631 604.6969 0.7230 0.0054 0.6907 -0.0085
566.9520 -9.6087 604.6969 0.7230 0.0054 0.6907 -0.0085
567.5870 -9.9113 604.6969 0.7230 0.0054 0.6907 -0.0085
568.2388 -10.1700 604.6969 0.7230 0.0054 0.6907 -0.0085
568.9041 -10.3839 604.6969 0.7230 0.0054 0.6907 -0.0085
569.5803 -10.5527 604.6969 0.7230 0.0054 0.6907 -0.0085
570.2653 -10.6760 604.6969 0.7230 0.0054 0.6907 -0.0085
570.9969 -10.7568 604.6969 0.7230 0.0054 0.6907 -0.0085
579.4570 -8.1592 604.6969 0.7230 0.0054 0.6907 -0.0085
574.7635 -10.8690 604.6969 0.7230 0.0054 0.6907 -0.0085
573.3865 -11.1640 604.6969 0.7230 0.0054 0.6907 -0.0085
580.3919 -7.1194 604.6969 0.7230 0.0054 0.6907 -0.0085
581.0159 -6.2592 604.6969 0.7230 0.0054 0.6907 -0.0085
572.3429 -11.2665 604.6969 0.7230 0.0054 0.6907 -0.0085
571.4649 -11.2734 604.6969 0.7230 0.0054 0.6907 -0.0085
581.4640 -5.5004 604.6969 0.7230 0.0054 0.6907 -0.0085
581.7976 -4.8078 604.6969 0.7230 0.0054 0.6907 -0.0085
570.6853 -11.2235 604.6969 0.7230 0.0054 0.6907 -0.0085
569.9800 -11.1307 604.6969 0.7230 0.0054 0.6907 -0.0085
582.0729 -4.1489 604.6969 0.7230 0.0054 0.6907 -0.0085
582.2870 -3.5253 604.6969 0.7230 0.0054 0.6907 -0.0085
569.3330 -11.0043 604.6969 0.7230 0.0054 0.6907 -0.0085
568.7332 -10.8506 604.6969 0.7230 0.0054 0.6907 -0.0085
582.4435 -2.9349 604.6969 0.7230 0.0054 0.6907 -0.0085
582.5690 -2.3625 604.6969 0.7230 0.0054 0.6907 -0.0085
568.1755 -10.6726 604.6969 0.7230 0.0054 0.6907 -0.0085
567.6529 -10.4743 604.6969 0.7230 0.0054 0.6907 -0.0085
582.6238 -1.8308 604.6969 0.7230 0.0054 0.6907 -0.0085
582.6785 -1.2992 604.6969 0.7230 0.0054 0.6907 -0.0085
567.1590 -10.2594 604.6969 0.7230 0.0054 0.6907 -0.0085
566.6881 -10.0313 604.6969 0.7230 0.0054 0.6907 -0.0085
582.7333 -0.7676 604.6969 0.7230 0.0054 0.6907 -0.0085
582.7723 -0.2451 604.6969 0.7230 0.0054 0.6907 -0.0085
566.2482 -9.7853 604.6969 0.7230 0.0054 0.6907 -0.0085
565.8296 -9.5270 604.6969 0.7230 0.0054 0.6907 -0.0085
582.7252 0.2277 604.6969 0.7230 0.0054 0.6907 -0.0085
582.6780 0.7005 604.6969 0.7230 0.0054 0.6907 -0.0085
565.4279 -9.2589 604.6969 0.7230 0.0054 0.6907 -0.0085
565.0502 -8.9769 604.6969 0.7230 0.0054 0.6907 -0.0085
582.6308 1.1732 604.6969 0.7230 0.0054 0.6907 -0.0085
582.5836 1.6460 604.6969 0.7230 0.0054 0.6907 -0.0085
564.6904 -8.6847 604.6969 0.7230 0.0054 0.6907 -0.0085
564.3443 -8.3845 604.6969 0.7230 0.0054 0.6907 -0.0085
582.5068 2.1016 604.6969 0.7230 0.0054 0.6907 -0.0085
582.3995 2.5397 604.6969 0.7230 0.0054 0.6907 -0.0085
564.0208 -8.0713 604.6969 0.7230 0.0054 0.6907 -0.0085
563.7119 -7.7496 604.6969 0.7230 0.0054 0.6907 -0.0085
582.2792 2.9702 604.6969 0.7230 0.0054 0.6907 -0.0085
582.1427 3.3914 604.6969 0.7230 0.0054 0.6907 -0.0085
563.4170 -7.4199 604.6969 0.7230 0.0054 0.6907 -0.0085
563.1413 -7.0790 604.6969 0.7230 0.0054 0.6907 -0.0085
581.9843 3.8000 604.6969 0.7230 0.0054 0.6907 -0.0085
581.8126 4.2008 604.6969 0.7230 0.0054 0.6907 -0.0085
562.8788 -6.7306 604.6969 0.7230 0.0054 0.6907 -0.0085
562.6309 -6.3737 604.6969 0.7230 0.0054 0.6907 -0.0085
581.6277 4.5941 604.6969 0.7230 0.0054 0.6907 -0.0085
581.4305 4.9802 604.6969 0.7230 0.0054 0.6907 -0.0085
562.3989 -6.0077 604.6969 0.7230 0.0054 0.6907 -0.0085
562.1790 -5.6346 604.6969 0.7230 0.0054 0.6907 -0.0085
581.2139 5.3552 604.6969 0.7230 0.0054 0.6907 -0.0085
580.9843 5.7226 604.6969 0.7230 0.0054 0.6907 -0.0085
561.9776 -5.2509 604.6969 0.7230 0.0054 0.6907 -0.0085
561.7910 -4.8587 604.6969 0.7230 0.0054 0.6907 -0.0085
580.7398 6.0814 604.6969 0.7230 0.0054 0.6907 -0.0085
580.4797 6.4313 604.6969 0.7230 0.0054 0.6907 -0.0085
561.6160 -4.4597 604.6969 0.7230 0.0054 0.6907 -0.0085
561.4533 -4.0536 604.6969 0.7230 0.0054 0.6907 -0.0085
580.2057 6.7731 604.6969 0.7230 0.0054 0.6907 -0.0085
579.9155 7.1055 604.6969 0.7230 0.0054 0.6907 -0.0085
561.3142 -3.6340 604.6969 0.7230 0.0054 0.6907 -0.0085
561.1878 -3.2069 604.6969 0.7230 0.0054 0.6907 -0.0085
579.6106 7.4295 604.6969 0.7230 0.0054 0.6907 -0.0085
579.2904 7.7446 604.6969 0.7230 0.0054 0.6907 -0.0085
561.0820 -2.7680 604.6969 0.7230 0.0054 0.6907 -0.0085
560.9925 -2.3197 604.6969 0.7230 0.0054 0.6907 -0.0085
578.9469 8.0463 604.6969 0.7230 0.0054 0.6907 -0.0085
578.5922 8.3415 604.6969 0.7230 0.0054 0.6907 -0.0085
560.9437 -1.8478 604.6969 0.7230 0.0054 0.6907 -0.0085
560.8949 -1.3760 604.6969 0.7230 0.0054 0.6907 -0.0085
578.2171 8.6249 604.6969 0.7230 0.0054 0.6907 -0.0085
577.8198 8.8956 604.6969 0.7230 0.0054 0.6907 -0.0085
560.8462 -0.9041 604.6969 0.7230 0.0054 0.6907 -0.0085
560.7974 -0.4323 604.6969 0.7230 0.0054 0.6907 -0.0085
577.4071 9.1573 604.6969 0.7230 0.0054 0.6907 -0.0085
576.9687 9.4042 604.6969 0.7230 0.0054 0.6907 -0.0085
560.8272 0.0849 604.6969 0.7230 0.0054 0.6907 -0.0085
560.8797 0.6152 604.6969 0.7230 0.0054 0.6907 -0.0085
576.5045 9.6362 604.6969 0.7230 0.0054 0.6907 -0.0085
576.0179 9.8553 604.6969 0.7230 0.0054 0.6907 -0.0085
560.9322 1.1455 604.6969 0.7230 0.0054 0.6907 -0.0085
560.9848 1.6759 604.6969 0.7230 0.0054 0.6907 -0.0085
575.5029 10.0579 604.6969 0.7230 0.0054 0.6907 -0.0085
574.9487 10.2380 604.6969 0.7230 0.0054 0.6907 -0.0085
561.0917 2.2376 604.6969 0.7230 0.0054 0.6907 -0.0085
561.2405 2.8235 604.6969 0.7230 0.0054 0.6907 -0.0085
574.3566 10.3961 604.6969 0.7230 0.0054 0.6907 -0.0085
573.7197 10.5284 604.6969 0.7230 0.0054 0.6907 -0.0085
561.4392 3.4383 604.6969 0.7230 0.0054 0.6907 -0.0085
561.7035 4.0908 604.6969 0.7230 0.0054 0.6907 -0.0085
573.0207 10.6248 604.6969 0.7230 0.0054 0.6907 -0.0085
572.2697 10.6912 604.6969 0.7230 0.0054 0.6907 -0.0085
562.0316 4.7803 604.6969 0.7230 0.0054 0.6907 -0.0085
562.4582 5.5266 604.6969 0.7230 0.0054 0.6907 -0.0085
571.4172 10.6990 604.6969 0.7230 0.0054 0.6907 -0.0085
570.4075 10.6161 604.6969 0.7230 0.0054 0.6907 -0.0085
563.0266 6.3547 604.6969 0.7230 0.0054 0.6907 -0.0085
563.8685 7.3408 604.6969 0.7230 0.0054 0.6907 -0.0085
569.1341 10.3809 604.6969 0.7230 0.0054 0.6907 -0.0085
